Time [msec],x [m],y [m],z [m],Red,Green,Blue
0,2.5,5,0,0,0,0
250,2.5,5,0.0097,0,0,0
500,2.5,5,0.0465,0,0,0
750,2.5,5,0.1102,0,0,0
1000,2.5,5,0.2,0,0,0
1250,2.5,5,0.3153,0,0,0
1500,2.5,5,0.4554,0,0,0
1750,2.5,5,0.6194,0,0,0
2000,2.5,5,0.8068,0,0,0
2250,2.5,5,1.0168,0,0,0
2500,2.5,5,1.2487,0,0,0
2750,2.5,5,1.5018,0,0,0
3000,2.5,5,1.7755,0,0,0
3250,2.5,5,2.0689,0,0,0
3500,2.5,5,2.3814,0,0,0
3750,2.5,5,2.7123,0,0,0
4000,2.5,5,3.0609,0,0,0
4250,2.5,5,3.4265,0,0,0
4500,2.5,5,3.8083,0,0,0
4750,2.5,5,4.2057,0,0,0
5000,2.5,5,4.618,0,0,0
5250,2.5,5,5.0444,0,0,0
5500,2.5,5,5.4842,0,0,0
5750,2.5,5,5.9368,0,0,0
6000,2.5,5,6.4014,0,0,0
6250,2.5,5,6.8774,0,0,0
6500,2.5,5,7.364,0,0,0
6750,2.5,5,7.8605,0,0,0
7000,2.5,5,8.3662,0,0,0
7250,2.5,5,8.8804,0,0,0
7500,2.5,5,9.4026,0,0,0
7750,2.5,5,9.9319,0,0,0
8000,2.5,5,10.4676,0,0,0
8250,2.5,5,11.0092,0,0,0
8500,2.5,5,11.5558,0,0,0
8750,2.5,5,12.1068,0,0,0
9000,2.5,5,12.6614,0,0,0
9250,2.5,5,13.219,0,0,0
9500,2.5,5,13.7788,0,0,0
9750,2.5,5,14.3402,0,0,0
10000,2.5,5,14.9024,106,109,1
10250,2.5,5,15.4648,130,128,1
10500,2.5,5,16.0266,133,125,1
10750,2.5,5,16.5871,136,122,1
11000,2.5,5,17.1456,139,119,1
11250,2.5,5,17.7015,142,116,1
11500,2.5,5,18.254,145,113,1
11750,2.5,5,18.8024,148,110,1
12000,2.5,5,19.346,151,106,1
12250,2.5,5,19.8841,155,103,1
12500,2.5,5,20.4161,158,100,1
12750,2.5,5,20.9411,161,97,1
13000,2.5,5,21.4585,164,94,1
13250,2.5,5,21.9676,167,91,1
13500,2.5,5,22.4677,170,87,1
13750,2.5,5,22.958,173,84,1
14000,2.5,5,23.438,176,81,1
14250,2.5,5,23.9068,180,78,1
14500,2.5,5,24.3638,183,75,1
14750,2.5,5,24.8082,186,72,1
15000,2.5,5,25.2395,189,69,1
15250,2.5,5,25.6567,192,65,2
15500,2.5,5,26.0594,195,62,2
15750,2.5,5,26.4466,198,59,2
16000,2.5,5,26.8179,201,56,2
16250,2.5,5,27.1723,205,53,2
16500,2.5,5,27.5093,208,50,2
16750,2.5,5,27.8282,211,47,2
17000,2.5,5,28.1281,214,43,2
17250,2.5,5,28.4085,217,40,2
17500,2.5,5,28.6686,220,37,2
17750,2.5,5,28.9078,223,34,2
18000,2.5,5,29.1252,226,31,2
18250,2.5,5,29.3203,229,28,2
18500,2.5,5,29.4922,233,25,2
18750,2.5,5,29.6404,236,21,2
19000,2.5,5,29.7641,239,18,2
19250,2.5,5,29.8625,242,15,2
19500,2.5,5,29.9351,245,12,2
19750,2.5,5,29.981,248,9,2
20000,2.5,5,29.9996,251,6,2
20250,2.5,5,30,254,3,2
20500,2.5,5,30,255,2,3
20750,2.5,5,30,255,2,4
21000,2.5,5,30,255,2,6
21250,2.5,5,30,255,2,7
21500,2.5,5,30,255,2,8
21750,2.5,5,30,255,2,9
22000,2.5,5,30,255,2,11
22250,2.5,5,30,255,2,12
22500,2.5,5,30,255,2,13
22750,2.5,5,30,255,2,15
23000,2.5,5,30,255,2,16
23250,2.5,5,30,255,2,17
23500,2.5,5,30,255,2,18
23750,2.5,5,30,255,2,20
24000,2.5,5,30,255,2,21
24250,2.5,5,30,255,2,22
24500,2.5,5,30,255,2,23
24750,2.5,5,30,255,2,25
25000,2.5,5,30,255,2,26
25250,2.5,5,30,255,2,27
25500,2.5,5,30,255,2,29
25750,2.5,5,30,255,2,30
26000,2.4971,4.9983,30,255,2,31
26250,2.4862,4.9916,30.0002,255,2,32
26500,2.4671,4.98,30.0005,255,2,34
26750,2.44,4.9635,30.001,255,2,35
27000,2.405,4.9423,30.0016,255,2,36
27250,2.3622,4.9163,30.0023,255,2,37
27500,2.3118,4.8856,30.0031,255,2,39
27750,2.2538,4.8504,30.0041,255,2,40
28000,2.1883,4.8106,30.0051,255,2,41
28250,2.1155,4.7664,30.0063,255,2,43
28500,2.0355,4.7178,30.0077,255,2,44
28750,1.9484,4.6648,30.0091,255,2,45
29000,1.8542,4.6076,30.0106,255,2,46
29250,1.7531,4.5462,30.0123,255,2,48
29500,1.6453,4.4807,30.0141,255,2,49
29750,1.5307,4.4111,30.016,255,2,50
30000,1.4096,4.3375,30.018,255,2,51
30250,1.2821,4.26,30.0201,255,2,53
30500,1.1481,4.1786,30.0223,255,2,54
30750,1.008,4.0935,30.0246,255,2,55
31000,0.8617,4.0046,30.027,255,2,57
31250,0.7094,3.912,30.0295,255,2,58
31500,0.5511,3.8159,30.0321,255,2,59
31750,0.3871,3.7162,30.0348,255,2,60
32000,0.2174,3.6131,30.0376,255,1,62
32250,0.0421,3.5066,30.0405,255,1,63
32500,-0.1387,3.3968,30.0435,255,1,64
32750,-0.3248,3.2837,30.0466,255,1,65
33000,-0.5162,3.1674,30.0497,255,1,67
33250,-0.7127,3.048,30.053,255,1,68
33500,-0.9143,2.9256,30.0563,255,1,69
33750,-1.1207,2.8001,30.0597,255,1,71
34000,-1.332,2.6717,30.0632,255,1,72
34250,-1.548,2.5405,30.0667,255,1,73
34500,-1.7685,2.4065,30.0704,255,1,74
34750,-1.9936,2.2698,30.0741,255,1,76
35000,-2.223,2.1304,30.0779,255,1,77
35250,-2.4567,1.9884,30.0817,255,1,78
35500,-2.6945,1.8439,30.0856,255,1,79
35750,-2.9363,1.697,30.0896,255,1,81
36000,-3.1821,1.5476,30.0937,255,1,82
36250,-3.4317,1.396,30.0978,255,1,83
36500,-3.685,1.2421,30.102,255,1,85
36750,-3.942,1.086,30.1062,255,1,86
37000,-4.2024,0.9278,30.1105,255,1,87
37250,-4.4661,0.7675,30.1149,255,1,88
37500,-4.7332,0.6053,30.1193,255,1,90
37750,-5.0034,0.4411,30.1237,255,1,91
38000,-5.2766,0.2751,30.1282,255,1,92
38250,-5.5528,0.1073,30.1328,255,1,93
38500,-5.8318,-0.0623,30.1374,255,1,95
38750,-6.1135,-0.2334,30.142,255,1,96
39000,-6.3979,-0.4062,30.1467,255,1,97
39250,-6.6847,-0.5805,30.1514,255,1,99
39500,-6.9739,-0.7562,30.1562,255,1,100
39750,-7.2654,-0.9333,30.161,255,1,101
40000,-7.5591,-1.1117,30.1659,255,1,102
40250,-7.8548,-1.2914,30.1707,255,1,104
40500,-8.1525,-1.4722,30.1756,255,1,105
40750,-8.452,-1.6542,30.1806,255,1,106
41000,-8.7532,-1.8372,30.1855,255,1,107
41250,-9.056,-2.0212,30.1905,255,1,109
41500,-9.3604,-2.2062,30.1956,255,1,110
41750,-9.6661,-2.3919,30.2006,255,1,111
42000,-9.9731,-2.5785,30.2057,255,1,113
42250,-10.2813,-2.7657,30.2107,255,1,114
42500,-10.5906,-2.9536,30.2158,255,1,115
42750,-10.9008,-3.1421,30.221,255,1,116
43000,-11.2119,-3.3311,30.2261,255,1,118
43250,-11.5237,-3.5205,30.2312,255,1,119
43500,-11.8361,-3.7104,30.2364,255,1,120
43750,-12.149,-3.9005,30.2415,255,1,121
44000,-12.4624,-4.0909,30.2467,255,1,123
44250,-12.776,-4.2814,30.2519,255,1,124
44500,-13.0898,-4.4721,30.257,255,1,125
44750,-13.4037,-4.6628,30.2622,255,1,127
45000,-13.7176,-4.8535,30.2674,255,1,128
45250,-14.0313,-5.0441,30.2726,255,1,129
45500,-14.3447,-5.2346,30.2777,255,1,130
45750,-14.6578,-5.4248,30.2829,255,1,132
46000,-14.9704,-5.6147,30.288,255,1,133
46250,-15.2824,-5.8043,30.2932,255,1,134
46500,-15.5938,-5.9935,30.2983,255,1,135
46750,-15.9043,-6.1821,30.3034,255,1,137
47000,-16.2139,-6.3702,30.3086,255,1,138
47250,-16.5224,-6.5577,30.3136,255,1,139
47500,-16.8299,-6.7445,30.3187,255,1,141
47750,-17.1361,-6.9305,30.3238,255,1,142
48000,-17.4409,-7.1157,30.3288,255,1,143
48250,-17.7442,-7.3,30.3338,255,1,144
48500,-18.046,-7.4834,30.3388,255,1,146
48750,-18.3461,-7.6657,30.3437,255,1,147
49000,-18.6444,-7.847,30.3486,255,1,148
49250,-18.9408,-8.027,30.3535,255,1,149
49500,-19.2351,-8.2059,30.3584,255,1,151
49750,-19.5274,-8.3835,30.3632,255,1,152
50000,-19.8174,-8.5596,30.368,255,1,153
50250,-20.105,-8.7344,30.3727,255,1,155
50500,-20.3902,-8.9077,30.3774,255,1,156
50750,-20.6728,-9.0794,30.3821,255,1,157
51000,-20.9528,-9.2495,30.3867,255,1,158
51250,-21.2299,-9.4179,30.3913,255,1,160
51500,-21.5042,-9.5845,30.3958,255,1,161
51750,-21.7754,-9.7493,30.4002,255,1,162
52000,-22.0435,-9.9122,30.4047,255,1,163
52250,-22.3084,-10.0731,30.409,255,1,165
52500,-22.5699,-10.2321,30.4133,255,1,166
52750,-22.828,-10.3889,30.4176,255,1,167
53000,-23.0826,-10.5435,30.4218,255,1,169
53250,-23.3334,-10.6959,30.4259,255,1,170
53500,-23.5805,-10.8461,30.43,255,1,171
53750,-23.8237,-10.9938,30.434,255,1,172
54000,-24.0629,-11.1391,30.438,255,1,174
54250,-24.298,-11.282,30.4418,255,1,175
54500,-24.5288,-11.4222,30.4456,255,1,176
54750,-24.7553,-11.5599,30.4494,255,1,177
55000,-24.9774,-11.6948,30.453,255,1,179
55250,-25.195,-11.827,30.4566,255,1,180
55500,-25.4078,-11.9563,30.4601,255,0,181
55750,-25.6159,-12.0827,30.4636,255,0,183
56000,-25.8191,-12.2062,30.4669,255,0,184
56250,-26.0173,-12.3266,30.4702,255,0,185
56500,-26.2105,-12.444,30.4734,255,0,186
56750,-26.3984,-12.5581,30.4765,255,0,188
57000,-26.581,-12.6691,30.4795,255,0,189
57250,-26.7581,-12.7767,30.4824,255,0,190
57500,-26.9297,-12.881,30.4852,255,0,191
57750,-27.0957,-12.9818,30.488,255,0,193
58000,-27.2558,-13.0791,30.4906,255,0,194
58250,-27.4102,-13.1729,30.4932,255,0,195
58500,-27.5585,-13.263,30.4956,255,0,197
58750,-27.7007,-13.3494,30.4979,255,0,198
59000,-27.8368,-13.4321,30.5002,255,0,199
59250,-27.9665,-13.5109,30.5023,255,0,200
59500,-28.0898,-13.5858,30.5044,255,0,202
59750,-28.2065,-13.6567,30.5063,255,0,203
60000,-28.3166,-13.7237,30.5081,255,0,204
60250,-28.42,-13.7865,30.5098,255,0,205
60500,-28.5165,-13.8451,30.5114,255,0,207
60750,-28.606,-13.8995,30.5129,255,0,208
61000,-28.6885,-13.9496,30.5142,255,0,209
61250,-28.7637,-13.9953,30.5155,255,0,211
61500,-28.8316,-14.0365,30.5166,255,0,212
61750,-28.8921,-14.0733,30.5176,255,0,213
62000,-28.9451,-14.1055,30.5185,255,0,214
62250,-28.9905,-14.1331,30.5192,255,0,216
62500,-29.0281,-14.1559,30.5198,255,0,217
62750,-29.0579,-14.174,30.5203,255,0,218
63000,-29.0796,-14.1872,30.5207,255,0,219
63250,-29.0934,-14.1956,30.5209,255,0,221
63500,-29.0989,-14.1989,30.521,255,0,222
63750,-29.099,-14.199,30.521,255,0,223
64000,-29.099,-14.199,30.521,255,0,225
64250,-29.099,-14.199,30.521,255,0,226
64500,-29.099,-14.199,30.521,255,0,227
64750,-29.099,-14.199,30.521,255,0,228
65000,-29.099,-14.199,30.521,255,0,230
65250,-29.099,-14.199,30.521,255,0,231
65500,-29.099,-14.199,30.521,255,0,232
65750,-29.099,-14.199,30.521,255,0,233
66000,-29.099,-14.199,30.521,255,0,235
66250,-29.099,-14.199,30.521,255,0,236
66500,-29.099,-14.199,30.521,255,0,237
66750,-29.099,-14.199,30.521,255,0,239
67000,-29.099,-14.199,30.521,255,0,240
67250,-29.099,-14.199,30.521,252,0,238
67500,-29.099,-14.199,30.521,249,0,235
67750,-29.099,-14.199,30.521,246,0,232
68000,-29.099,-14.199,30.521,243,0,229
68250,-29.099,-14.199,30.521,240,0,226
68500,-29.099,-14.199,30.521,237,0,223
68750,-29.099,-14.199,30.521,234,0,220
69000,-29.099,-14.199,30.521,231,0,217
69250,-29.099,-14.199,30.521,228,0,214
69500,-29.099,-14.199,30.521,224,0,211
69750,-29.099,-14.199,30.521,221,0,208
70000,-29.099,-14.199,30.521,218,0,205
70250,-29.099,-14.199,30.521,215,0,202
70500,-29.099,-14.199,30.521,212,0,200
70750,-29.099,-14.199,30.521,209,0,197
71000,-29.099,-14.199,30.521,206,0,194
71250,-29.099,-14.199,30.521,203,0,191
71500,-29.099,-14.199,30.521,200,0,188
71750,-29.099,-14.199,30.521,196,0,185
72000,-29.099,-14.199,30.521,193,0,182
72250,-29.099,-14.199,30.521,190,0,179
72500,-29.099,-14.199,30.521,187,0,176
72750,-29.099,-14.199,30.521,184,0,173
73000,-29.099,-14.199,30.521,181,0,170
73250,-29.099,-14.199,30.521,178,0,167
73500,-29.099,-14.199,30.521,175,0,164
73750,-29.099,-14.199,30.521,172,0,161
74000,-29.099,-14.199,30.521,168,0,159
74250,-29.099,-14.199,30.521,165,0,156
74500,-29.099,-14.199,30.521,162,0,153
74750,-29.099,-14.199,30.521,159,0,150
75000,-29.099,-14.199,30.521,156,0,147
75250,-29.099,-14.199,30.521,153,0,144
75500,-29.099,-14.199,30.521,150,0,141
75750,-29.099,-14.199,30.521,147,0,138
76000,-29.099,-14.199,30.521,144,0,135
76250,-29.099,-14.199,30.521,140,0,132
76500,-29.099,-14.199,30.521,137,0,129
76750,-29.099,-14.199,30.521,134,0,126
77000,-29.099,-14.199,30.521,131,0,123
77250,-29.099,-14.199,30.521,128,0,120
77500,-29.099,-14.199,30.521,125,0,118
77750,-29.099,-14.199,30.521,122,0,115
78000,-29.099,-14.199,30.521,119,0,112
78250,-29.099,-14.199,30.521,116,0,109
78500,-29.099,-14.199,30.521,112,0,106
78750,-29.099,-14.199,30.521,109,0,103
79000,-29.099,-14.199,30.521,106,0,100
79250,-29.099,-14.199,30.521,103,0,97
79500,-29.099,-14.199,30.521,100,0,94
79750,-29.099,-14.199,30.521,97,0,91
80000,-29.099,-14.199,30.521,94,0,88
80250,-29.099,-14.199,30.521,91,0,85
80500,-29.099,-14.199,30.521,88,0,82
80750,-29.099,-14.199,30.521,84,0,80
81000,-29.099,-14.199,30.521,81,0,77
81250,-29.099,-14.199,30.521,78,0,74
81500,-29.099,-14.199,30.521,75,0,71
81750,-29.099,-14.199,30.521,72,0,68
82000,-29.099,-14.199,30.521,69,0,65
82250,-29.099,-14.199,30.521,66,0,62
82500,-29.099,-14.199,30.521,63,0,59
82750,-29.099,-14.199,30.521,60,0,56
83000,-29.099,-14.199,30.521,56,0,53
83250,-29.099,-14.199,30.521,53,0,50
83500,-29.099,-14.199,30.521,50,0,47
83750,-29.099,-14.199,30.521,47,0,44
84000,-29.099,-14.199,30.521,44,0,41
84250,-29.099,-14.199,30.521,41,0,39
84500,-29.099,-14.199,30.521,38,0,36
84750,-29.099,-14.199,30.521,35,0,33
85000,-29.099,-14.199,30.521,32,0,30
85250,-29.099,-14.199,30.521,29,0,27
85500,-29.099,-14.199,30.521,25,0,24
85750,-29.099,-14.199,30.521,22,0,21
86000,-29.099,-14.199,30.521,19,0,18
86250,-29.099,-14.199,30.521,16,0,15
86500,-29.099,-14.199,30.521,13,0,12
86750,-29.099,-14.199,30.521,10,0,9
87000,-29.099,-14.199,30.521,7,0,6
87250,-29.099,-14.199,30.521,4,0,3
87500,-29.099,-14.199,30.521,1,0,0
87750,-29.099,-14.199,30.521,0,0,0
88000,-29.099,-14.199,30.521,0,0,0
88250,-29.099,-14.199,30.521,0,0,0
88500,-29.1002,-14.199,30.5216,0,0,0
88750,-29.105,-14.199,30.524,0,0,0
89000,-29.1132,-14.199,30.5281,0,0,0
89250,-29.1249,-14.199,30.5339,0,0,0
89500,-29.1399,-14.199,30.5413,0,0,0
89750,-29.1583,-14.199,30.5505,0,0,0
90000,-29.1798,-14.199,30.5612,0,0,0
90250,-29.2046,-14.199,30.5735,0,0,0
90500,-29.2324,-14.199,30.5873,0,0,0
90750,-29.2633,-14.199,30.6027,0,0,0
91000,-29.2972,-14.199,30.6196,0,0,0
91250,-29.3341,-14.199,30.6379,0,0,0
91500,-29.3737,-14.199,30.6576,0,0,0
91750,-29.4162,-14.199,30.6787,0,0,0
92000,-29.4614,-14.199,30.7012,0,0,0
92250,-29.5093,-14.199,30.725,0,0,0
92500,-29.5597,-14.199,30.7501,0,0,0
92750,-29.6128,-14.199,30.7764,0,0,0
93000,-29.6683,-14.199,30.804,0,0,0
93250,-29.7262,-14.199,30.8328,0,0,0
93500,-29.7864,-14.199,30.8628,0,0,0
93750,-29.849,-14.199,30.8939,0,0,0
94000,-29.9138,-14.199,30.9261,0,0,0
94250,-29.9807,-14.199,30.9594,0,0,0
94500,-30.0497,-14.199,30.9937,0,0,0
94750,-30.1208,-14.199,31.029,0,0,0
95000,-30.1939,-14.199,31.0654,0,0,0
95250,-30.2688,-14.199,31.1026,0,0,0
95500,-30.3456,-14.199,31.1408,0,0,0
95750,-30.4242,-14.199,31.1799,0,0,0
96000,-30.5045,-14.199,31.2198,0,0,0
96250,-30.5865,-14.199,31.2606,0,0,0
96500,-30.6701,-14.199,31.3021,0,0,0
96750,-30.7551,-14.199,31.3444,0,0,0
97000,-30.8417,-14.199,31.3874,0,0,0
97250,-30.9296,-14.199,31.4312,0,0,0
97500,-31.0189,-14.199,31.4756,0,0,0
97750,-31.1095,-14.199,31.5206,0,0,0
98000,-31.2013,-14.199,31.5662,0,0,0
98250,-31.2942,-14.199,31.6124,0,0,0
98500,-31.3883,-14.199,31.6592,0,0,0
98750,-31.4833,-14.199,31.7064,0,0,0
99000,-31.5793,-14.199,31.7542,0,0,0
99250,-31.6762,-14.199,31.8023,0,0,0
99500,-31.7739,-14.199,31.8509,0,0,0
99750,-31.8724,-14.199,31.8999,0,0,0
100000,-31.9717,-14.199,31.9492,0,0,0
100250,-32.0715,-14.199,31.9989,0,0,0
100500,-32.1719,-14.199,32.0488,0,0,0
100750,-32.2729,-14.199,32.099,0,0,0
101000,-32.3743,-14.199,32.1494,0,0,0
101250,-32.4761,-14.199,32.2,0,0,0
101500,-32.5782,-14.199,32.2508,0,0,0
101750,-32.6806,-14.199,32.3017,0,0,0
102000,-32.7832,-14.199,32.3527,0,0,0
102250,-32.8859,-14.199,32.4038,0,0,0
102500,-32.9887,-14.199,32.4549,0,0,0
102750,-33.0915,-14.199,32.506,0,0,0
103000,-33.1943,-14.199,32.5571,0,0,0
103250,-33.2969,-14.199,32.6081,0,0,0
103500,-33.3994,-14.199,32.6591,0,0,0
103750,-33.5016,-14.199,32.7099,0,0,0
104000,-33.6035,-14.199,32.7606,0,0,0
104250,-33.7051,-14.199,32.8111,0,0,0
104500,-33.8062,-14.199,32.8613,0,0,0
104750,-33.9068,-14.199,32.9114,0,0,0
105000,-34.0069,-14.199,32.9611,0,0,0
105250,-34.1063,-14.199,33.0105,0,0,0
105500,-34.205,-14.199,33.0596,0,0,0
105750,-34.303,-14.199,33.1084,0,0,0
106000,-34.4002,-14.199,33.1567,0,0,0
106250,-34.4965,-14.199,33.2046,0,0,0
106500,-34.5919,-14.199,33.252,0,0,0
106750,-34.6863,-14.199,33.2989,0,0,0
107000,-34.7796,-14.199,33.3453,0,0,0
107250,-34.8718,-14.199,33.3911,0,0,0
107500,-34.9628,-14.199,33.4364,0,0,0
107750,-35.0525,-14.199,33.481,0,0,0
108000,-35.1409,-14.199,33.5249,0,0,0
108250,-35.2279,-14.199,33.5682,0,0,0
108500,-35.3135,-14.199,33.6108,0,0,0
108750,-35.3976,-14.199,33.6526,0,0,0
109000,-35.4801,-14.199,33.6936,0,0,0
109250,-35.561,-14.199,33.7338,0,0,0
109500,-35.6402,-14.199,33.7732,0,0,0
109750,-35.7176,-14.199,33.8116,0,0,0
110000,-35.7932,-14.199,33.8492,0,0,0
110250,-35.8668,-14.199,33.8859,0,0,0
110500,-35.9386,-14.199,33.9215,0,0,0
110750,-36.0083,-14.199,33.9562,0,0,0
111000,-36.076,-14.199,33.9898,0,0,0
111250,-36.1415,-14.199,34.0224,0,0,0
111500,-36.2048,-14.199,34.0539,0,0,0
111750,-36.2658,-14.199,34.0842,0,0,0
112000,-36.3246,-14.199,34.1134,0,0,0
112250,-36.3809,-14.199,34.1414,0,0,0
112500,-36.4347,-14.199,34.1682,0,0,0
112750,-36.4861,-14.199,34.1937,0,0,0
113000,-36.5348,-14.199,34.218,0,0,0
113250,-36.5809,-14.199,34.2409,0,0,0
113500,-36.6243,-14.199,34.2625,0,0,0
113750,-36.6649,-14.199,34.2827,0,0,0
114000,-36.7027,-14.199,34.3015,0,0,0
114250,-36.7376,-14.199,34.3188,0,0,0
114500,-36.7695,-14.199,34.3347,0,0,0
114750,-36.7984,-14.199,34.349,0,0,0
115000,-36.8242,-14.199,34.3619,0,0,0
115250,-36.8469,-14.199,34.3731,0,0,0
115500,-36.8663,-14.199,34.3828,0,0,0
115750,-36.8824,-14.199,34.3908,0,0,0
116000,-36.8952,-14.199,34.3972,0,0,0
116250,-36.9046,-14.199,34.4018,0,0,0
116500,-36.9106,-14.199,34.4048,0,0,0
116750,-36.9129,-14.199,34.406,212,0,0
117000,-36.913,-14.199,34.406,255,0,0
117250,-36.913,-14.199,34.406,255,0,0
117500,-36.913,-14.199,34.406,255,0,0
117750,-36.913,-14.199,34.406,255,0,0
118000,-36.9113,-14.201,34.406,255,0,0
118250,-36.9047,-14.2085,34.406,255,0,0
118500,-36.8933,-14.2215,34.406,255,0,0
118750,-36.877,-14.2401,34.406,255,0,0
119000,-36.8558,-14.264,34.406,255,0,0
119250,-36.8297,-14.2931,34.406,255,0,0
119500,-36.7988,-14.3275,34.406,255,0,0
119750,-36.7631,-14.367,34.406,255,0,0
120000,-36.7226,-14.4114,34.406,255,0,0
120250,-36.6772,-14.4608,34.406,255,0,0
120500,-36.6271,-14.5151,34.406,255,0,0
120750,-36.5723,-14.5741,34.406,255,0,0
121000,-36.5126,-14.6378,34.406,255,0,0
121250,-36.4483,-14.706,34.406,255,0,0
121500,-36.3792,-14.7788,34.406,255,0,0
121750,-36.3054,-14.8559,34.406,255,0,0
122000,-36.2269,-14.9373,34.406,255,0,0
122250,-36.1438,-15.023,34.406,255,0,0
122500,-36.056,-15.1128,34.406,255,0,0
122750,-35.9635,-15.2067,34.406,255,0,0
123000,-35.8665,-15.3045,34.406,255,0,0
123250,-35.7648,-15.4062,34.406,255,0,0
123500,-35.6585,-15.5117,34.406,255,0,0
123750,-35.5476,-15.6209,34.406,255,0,0
124000,-35.4321,-15.7337,34.406,255,0,0
124250,-35.3121,-15.85,34.406,255,0,0
124500,-35.1876,-15.9697,34.406,255,0,0
124750,-35.0585,-16.0928,34.406,255,0,0
125000,-34.9249,-16.2191,34.406,255,0,0
125250,-34.7868,-16.3487,34.406,255,0,0
125500,-34.6443,-16.4813,34.406,255,0,0
125750,-34.4973,-16.6168,34.406,255,0,0
126000,-34.3458,-16.7553,34.406,255,0,0
126250,-34.1899,-16.8967,34.406,255,0,0
126500,-34.0295,-17.0407,34.406,255,0,0
126750,-33.8648,-17.1874,34.406,255,0,0
127000,-33.6957,-17.3366,34.406,255,0,0
127250,-33.5222,-17.4883,34.406,255,0,0
127500,-33.3443,-17.6424,34.406,255,0,0
127750,-33.1621,-17.7988,34.406,255,0,0
128000,-32.9756,-17.9574,34.406,255,0,0
128250,-32.7847,-18.118,34.406,255,0,0
128500,-32.5895,-18.2808,34.406,255,0,0
128750,-32.3901,-18.4454,34.406,255,0,0
129000,-32.1864,-18.6119,34.406,255,0,0
129250,-31.9784,-18.7802,34.406,255,0,0
129500,-31.7662,-18.9501,34.406,255,0,0
129750,-31.5498,-19.1216,34.406,255,0,0
130000,-31.3291,-19.2947,34.406,255,0,0
130250,-31.1043,-19.4691,34.406,255,0,0
130500,-30.8753,-19.6448,34.406,255,0,0
130750,-30.6421,-19.8218,34.406,255,0,0
131000,-30.4047,-20,34.406,255,0,0
131250,-30.1632,-20.1792,34.406,255,0,0
131500,-29.9176,-20.3593,34.406,255,0,0
131750,-29.6679,-20.5404,34.406,255,0,0
132000,-29.4141,-20.7222,34.406,255,0,0
132250,-29.1563,-20.9048,34.406,255,0,0
132500,-28.8943,-21.0879,34.406,255,0,0
132750,-28.6284,-21.2716,34.406,255,0,0
133000,-28.3583,-21.4558,34.406,255,0,0
133250,-28.0843,-21.6403,34.406,255,0,0
133500,-27.8063,-21.825,34.406,255,0,0
133750,-27.5243,-22.01,34.406,255,0,0
134000,-27.2383,-22.195,34.406,255,0,0
134250,-26.9483,-22.38,34.406,255,0,0
134500,-26.6545,-22.565,34.406,255,0,0
134750,-26.3566,-22.7498,34.406,255,0,0
135000,-26.0549,-22.9343,34.406,255,0,0
135250,-25.7493,-23.1184,34.406,255,0,0
135500,-25.4398,-23.3022,34.406,255,0,0
135750,-25.1264,-23.4854,34.406,255,0,0
136000,-24.8092,-23.668,34.406,255,0,0
136250,-24.4882,-23.8499,34.406,255,0,0
136500,-24.1633,-24.031,34.406,255,0,0
136750,-23.8346,-24.2112,34.406,255,0,0
137000,-23.5021,-24.3904,34.406,255,0,0
137250,-23.1659,-24.5687,34.406,255,0,0
137500,-22.8258,-24.7457,34.406,255,0,0
137750,-22.4821,-24.9216,34.406,255,0,0
138000,-22.1346,-25.0961,34.406,255,0,0
138250,-21.7834,-25.2692,34.406,255,0,0
138500,-21.4285,-25.4408,34.406,255,0,0
138750,-21.0699,-25.6109,34.406,255,0,0
139000,-20.7076,-25.7792,34.406,255,0,0
139250,-20.3417,-25.9459,34.406,255,0,0
139500,-19.9721,-26.1106,34.406,255,0,0
139750,-19.5989,-26.2735,34.406,255,0,0
140000,-19.2221,-26.4343,34.406,255,0,0
140250,-18.8417,-26.593,34.406,255,0,0
140500,-18.4577,-26.7495,34.406,255,0,0
140750,-18.0701,-26.9038,34.406,255,0,0
141000,-17.679,-27.0556,34.406,255,0,0
141250,-17.2844,-27.205,34.406,255,0,0
141500,-16.8862,-27.3519,34.406,255,0,0
141750,-16.4845,-27.4961,34.406,255,0,0
142000,-16.0793,-27.6376,34.406,255,0,0
142250,-15.6707,-27.7763,34.406,255,0,0
142500,-15.2586,-27.912,34.406,255,0,0
142750,-14.843,-28.0448,34.406,255,0,0
143000,-14.424,-28.1746,34.406,255,0,0
143250,-14.0016,-28.3011,34.406,255,0,0
143500,-13.5758,-28.4244,34.406,255,0,0
143750,-13.1466,-28.5444,34.406,255,0,0
144000,-12.7141,-28.6609,34.406,255,0,0
144250,-12.2781,-28.7739,34.406,255,0,0
144500,-11.8389,-28.8833,34.406,255,0,0
144750,-11.3963,-28.9891,34.406,255,0,0
145000,-10.9503,-29.091,34.406,255,0,0
145250,-10.5011,-29.1891,34.406,255,0,0
145500,-10.0486,-29.2832,34.406,255,0,0
145750,-9.5929,-29.3733,34.406,255,0,0
146000,-9.1339,-29.4592,34.406,255,0,0
146250,-8.6716,-29.5409,34.406,255,0,0
146500,-8.2061,-29.6184,34.406,255,0,0
146750,-7.7375,-29.6914,34.406,255,0,0
147000,-7.2656,-29.7599,34.406,255,0,0
147250,-6.7903,-29.8237,34.406,255,0,0
147500,-6.3112,-29.8825,34.406,255,0,0
147750,-5.8285,-29.9362,34.406,255,0,0
148000,-5.3421,-29.9849,34.406,255,0,0
148250,-4.8523,-30.0284,34.406,255,0,0
148500,-4.3591,-30.0669,34.406,255,0,0
148750,-3.8627,-30.1002,34.406,255,0,0
149000,-3.3632,-30.1285,34.406,255,0,0
149250,-2.8606,-30.1516,34.406,255,0,0
149500,-2.3551,-30.1696,34.406,255,0,0
149750,-1.8467,-30.1824,34.406,255,0,0
150000,-1.3357,-30.1901,34.406,255,0,0
150250,-0.8221,-30.1927,34.406,255,0,0
150500,-0.306,-30.19,34.406,255,0,0
150750,0.2125,-30.1822,34.406,255,0,0
151000,0.7333,-30.1692,34.406,255,0,0
151250,1.2562,-30.1509,34.406,255,0,0
151500,1.7811,-30.1275,34.406,255,0,0
151750,2.308,-30.0988,34.406,255,0,0
152000,2.8367,-30.065,34.406,255,0,0
152250,3.3672,-30.0258,34.406,255,0,0
152500,3.8992,-29.9814,34.406,255,0,0
152750,4.4328,-29.9318,34.406,255,0,0
153000,4.9677,-29.8769,34.406,255,0,0
153250,5.5039,-29.8166,34.406,255,0,0
153500,6.0413,-29.7511,34.406,255,0,0
153750,6.5798,-29.6803,34.406,255,0,0
154000,7.1192,-29.6042,34.406,255,0,0
154250,7.6594,-29.5228,34.406,255,0,0
154500,8.2004,-29.436,34.406,255,0,0
154750,8.7421,-29.3439,34.406,255,0,0
155000,9.2842,-29.2464,34.406,255,0,0
155250,9.8267,-29.1436,34.406,255,0,0
155500,10.3696,-29.0354,34.406,255,0,0
155750,10.9126,-28.9218,34.406,255,0,0
156000,11.4557,-28.8028,34.406,255,0,0
156250,11.9988,-28.6784,34.406,255,0,0
156500,12.5416,-28.5487,34.406,255,0,0
156750,13.0837,-28.4136,34.406,255,0,0
157000,13.6249,-28.2733,34.406,255,0,0
157250,14.1652,-28.1277,34.406,255,0,0
157500,14.7043,-27.9768,34.406,255,0,0
157750,15.2422,-27.8206,34.406,255,0,0
158000,15.7786,-27.6591,34.406,255,0,0
158250,16.3135,-27.4924,34.406,255,0,0
158500,16.8466,-27.3204,34.406,255,0,0
158750,17.3779,-27.1431,34.406,255,0,0
159000,17.9071,-26.9605,34.406,255,0,0
159250,18.4342,-26.7727,34.406,255,0,0
159500,18.959,-26.5796,34.406,255,0,0
159750,19.4814,-26.3813,34.406,255,0,0
160000,20.0011,-26.1777,34.406,255,0,0
160250,20.5181,-25.9688,34.406,255,0,0
160500,21.0321,-25.7547,34.406,255,0,0
160750,21.5432,-25.5353,34.406,255,0,0
161000,22.051,-25.3106,34.406,255,0,0
161250,22.5555,-25.0808,34.406,255,0,0
161500,23.0566,-24.8456,34.406,255,0,0
161750,23.554,-24.6053,34.406,255,0,0
162000,24.0476,-24.3596,34.406,255,0,0
162250,24.5373,-24.1088,34.406,255,0,0
162500,25.0229,-23.8527,34.406,255,0,0
162750,25.5044,-23.5913,34.406,255,0,0
163000,25.9814,-23.3248,34.406,255,0,0
163250,26.454,-23.053,34.406,255,0,0
163500,26.9218,-22.7759,34.406,255,0,0
163750,27.3849,-22.4937,34.406,255,0,0
164000,27.8431,-22.2062,34.406,255,0,0
164250,28.2961,-21.9135,34.406,255,0,0
164500,28.7439,-21.6156,34.406,255,0,0
164750,29.1863,-21.3124,34.406,255,0,0
165000,29.6232,-21.0041,34.406,255,0,0
165250,30.0543,-20.6905,34.406,255,0,0
165500,30.4797,-20.3717,34.406,255,0,0
165750,30.8991,-20.0477,34.406,255,0,0
166000,31.3123,-19.7185,34.406,255,0,0
166250,31.7193,-19.3841,34.406,255,0,0
166500,32.1198,-19.0444,34.406,255,0,0
166750,32.5138,-18.6996,34.406,255,0,0
167000,32.9011,-18.3496,34.406,255,0,0
167250,33.2815,-17.9944,34.406,255,0,0
167500,33.655,-17.634,34.406,255,0,0
167750,34.0212,-17.2684,34.406,255,0,0
168000,34.3802,-16.8976,34.406,255,0,0
168250,34.7317,-16.5216,34.406,255,0,0
168500,35.0756,-16.1405,34.406,255,0,0
168750,35.4118,-15.7541,34.406,255,0,0
169000,35.7401,-15.3626,34.406,255,0,0
169250,36.0604,-14.9659,34.406,255,0,0
169500,36.3725,-14.564,34.406,255,0,0
169750,36.6763,-14.157,34.406,255,0,0
170000,36.9716,-13.7447,34.406,255,0,0
170250,37.2582,-13.3273,34.406,255,0,0
170500,37.5361,-12.9048,34.406,255,0,0
170750,37.8051,-12.477,34.406,255,0,0
171000,38.0651,-12.0442,34.406,255,0,0
171250,38.3158,-11.6061,34.406,255,0,0
171500,38.5572,-11.1629,34.406,255,0,0
171750,38.789,-10.7146,34.406,255,0,0
172000,39.0112,-10.2611,34.406,255,0,0
172250,39.2235,-9.8025,34.406,255,0,0
172500,39.4259,-9.3387,34.406,255,0,0
172750,39.6182,-8.8698,34.406,255,0,0
173000,39.8001,-8.3957,34.406,255,0,0
173250,39.9717,-7.9165,34.406,255,0,0
173500,40.1327,-7.4321,34.406,255,0,0
173750,40.283,-6.9426,34.406,255,0,0
174000,40.4224,-6.4479,34.406,255,0,0
174250,40.5508,-5.9481,34.406,255,0,0
174500,40.668,-5.4431,34.406,255,0,0
174750,40.7739,-4.9329,34.406,255,0,0
175000,40.8684,-4.4175,34.406,255,0,0
175250,40.9512,-3.897,34.406,255,0,0
175500,41.0235,-3.3712,34.406,255,0,0
175750,41.0863,-2.8403,34.406,255,0,0
176000,41.1378,-2.3043,34.406,255,0,0
176250,41.1762,-1.7632,34.406,255,0,0
176500,41.1995,-1.2171,34.406,255,0,0
176750,41.2061,-0.666,34.406,255,0,0
177000,41.194,-0.1101,34.406,255,0,0
177250,41.1613,0.4507,34.406,255,0,0
177500,41.1062,1.0164,34.406,255,0,0
177750,41.0268,1.5867,34.406,255,0,0
178000,40.9224,2.1616,34.406,255,0,0
178250,40.7941,2.7404,34.406,255,0,0
178500,40.6426,3.323,34.406,255,0,0
178750,40.4684,3.9091,34.406,255,0,0
179000,40.2721,4.4986,34.406,255,0,0
179250,40.0543,5.0911,34.406,255,0,0
179500,39.8154,5.6866,34.406,255,0,0
179750,39.556,6.2848,34.406,255,0,0
180000,39.2768,6.8854,34.406,255,0,0
180250,38.9782,7.4883,34.406,255,0,0
180500,38.6608,8.0932,34.406,255,0,0
180750,38.3252,8.7,34.406,255,0,0
181000,37.9718,9.3084,34.406,255,0,0
181250,37.6014,9.9182,34.406,255,0,0
181500,37.2143,10.5292,34.406,255,0,0
181750,36.8113,11.1411,34.406,255,0,0
182000,36.3927,11.7538,34.406,255,0,0
182250,35.9591,12.3669,34.406,255,0,0
182500,35.5111,12.9801,34.406,255,0,0
182750,35.0493,13.5934,34.406,255,0,0
183000,34.5741,14.2063,34.406,255,0,0
183250,34.0861,14.8187,34.406,255,0,0
183500,33.5858,15.4305,34.406,255,0,0
183750,33.0739,16.0412,34.406,255,0,0
184000,32.5508,16.6508,34.406,255,0,0
184250,32.0172,17.259,34.406,255,0,0
184500,31.4735,17.8656,34.406,255,0,0
184750,30.9203,18.4702,34.406,255,0,0
185000,30.3581,19.0728,34.406,255,0,0
185250,29.7875,19.6731,34.406,255,0,0
185500,29.2091,20.2709,34.406,255,0,0
185750,28.6234,20.8659,34.406,255,0,0
186000,28.0309,21.4578,34.406,255,0,0
186250,27.4322,22.0466,34.406,255,0,0
186500,26.8279,22.6319,34.406,255,0,0
186750,26.2184,23.2136,34.406,255,0,0
187000,25.6044,23.7913,34.406,255,0,0
187250,24.9863,24.3649,34.406,255,0,0
187500,24.3648,24.9341,34.406,255,0,0
187750,23.7404,25.4988,34.406,255,0,0
188000,23.1136,26.0587,34.406,255,0,0
188250,22.4849,26.6135,34.406,255,0,0
188500,21.855,27.1631,34.406,255,0,0
188750,21.2244,27.7071,34.406,255,0,0
189000,20.5935,28.2455,34.406,255,0,0
189250,19.9631,28.7779,34.406,255,0,0
189500,19.3336,29.3041,34.406,255,0,0
189750,18.7055,29.824,34.406,255,0,0
190000,18.0794,30.3372,34.406,255,0,0
190250,17.4559,30.8436,34.406,255,0,0
190500,16.8355,31.3429,34.406,255,0,0
190750,16.2188,31.8349,34.406,255,0,0
191000,15.6063,32.3193,34.406,255,0,0
191250,14.9985,32.796,34.406,255,0,0
191500,14.396,33.2647,34.406,255,0,0
191750,13.7994,33.7252,34.406,255,0,0
192000,13.2092,34.1773,34.406,255,0,0
192250,12.6259,34.6207,34.406,255,0,0
192500,12.0501,35.0552,34.406,255,0,0
192750,11.4824,35.4806,34.406,255,0,0
193000,10.9232,35.8966,34.406,255,0,0
193250,10.3732,36.3031,34.406,255,0,0
193500,9.8329,36.6998,34.406,255,0,0
193750,9.3028,37.0864,34.406,255,0,0
194000,8.7835,37.4628,34.406,255,0,0
194250,8.2755,37.8287,34.406,255,0,0
194500,7.7794,38.1839,34.406,255,0,0
194750,7.2957,38.5282,34.406,255,0,0
195000,6.825,38.8613,34.406,255,0,0
195250,6.3679,39.183,34.406,255,0,0
195500,5.9248,39.4931,34.406,255,0,0
195750,5.4963,39.7914,34.406,255,0,0
196000,5.083,40.0776,34.406,255,0,0
196250,4.6854,40.3515,34.406,255,0,0
196500,4.3041,40.6129,34.406,255,0,0
196750,3.9395,40.8615,34.406,255,0,0
197000,3.5923,41.0972,34.406,255,0,0
197250,3.2629,41.3197,34.406,255,0,0
197500,2.9518,41.5288,34.406,255,0,0
197750,2.6596,41.7243,34.406,255,0,0
198000,2.3869,41.906,34.406,255,0,0
198250,2.1342,42.0735,34.406,255,0,0
198500,1.9021,42.2267,34.406,255,0,0
198750,1.6912,42.3653,34.406,255,0,0
199000,1.5021,42.4892,34.406,255,0,0
199250,1.3353,42.5979,34.406,255,0,0
199500,1.1914,42.6915,34.406,255,0,0
199750,1.0709,42.7694,34.406,255,0,0
200000,0.9765,42.8304,34.4069,255,0,0
200250,0.9096,42.8734,34.4089,255,0,0
200500,0.8657,42.9016,34.4097,255,0,0
200750,0.8403,42.9177,34.407,255,0,0
201000,0.8287,42.925,34.3983,255,0,0
201250,0.8263,42.9263,34.3812,255,0,0
201500,0.8286,42.9246,34.3533,255,0,0
201750,0.8309,42.923,34.3123,255,0,0
202000,0.831,42.923,34.2574,255,0,0
202250,0.831,42.923,34.1906,255,0,0
202500,0.831,42.923,34.1128,255,0,0
202750,0.831,42.923,34.0247,255,0,0
203000,0.831,42.923,33.9269,255,0,0
203250,0.831,42.923,33.82,255,0,0
203500,0.831,42.923,33.7049,255,0,0
203750,0.831,42.923,33.5821,255,0,0
204000,0.831,42.923,33.4524,255,0,0
204250,0.831,42.923,33.316,255,0,0
204500,0.831,42.923,33.1725,255,0,0
204750,0.831,42.923,33.0229,255,0,0
205000,0.831,42.923,32.8679,255,0,0
205250,0.831,42.923,32.7081,255,0,0
205500,0.831,42.923,32.5444,255,0,0
205750,0.831,42.923,32.3775,255,0,0
206000,0.831,42.923,32.2082,255,0,0
206250,0.831,42.923,32.0373,255,0,0
206500,0.831,42.923,31.8654,255,0,0
206750,0.831,42.923,31.6933,255,0,0
207000,0.831,42.923,31.5219,255,0,0
207250,0.831,42.923,31.3518,255,0,0
207500,0.831,42.923,31.1838,255,0,0
207750,0.831,42.923,31.0187,255,0,0
208000,0.831,42.923,30.8573,255,0,0
208250,0.831,42.923,30.7002,255,0,0
208500,0.831,42.923,30.5482,255,0,0
208750,0.831,42.923,30.4021,255,0,0
209000,0.831,42.923,30.2627,255,0,0
209250,0.831,42.923,30.1307,255,0,0
209500,0.831,42.923,30.0069,255,0,0
209750,0.831,42.923,29.8919,255,0,0
210000,0.831,42.923,29.7867,255,0,0
210250,0.831,42.923,29.6919,255,0,0
210500,0.831,42.923,29.6082,255,0,0
210750,0.831,42.923,29.5366,255,0,0
211000,0.831,42.923,29.4776,255,0,0
211250,0.831,42.923,29.432,255,0,0
211500,0.831,42.923,29.4007,255,0,0
211750,0.831,42.923,29.3844,255,0,0
212000,0.831,42.923,29.3837,255,0,0
212250,0.831,42.923,29.3996,255,0,0
212500,0.831,42.923,29.4327,255,0,0
212750,0.831,42.923,29.4871,255,0,0
213000,0.831,42.923,29.5683,255,0,0
213250,0.831,42.923,29.6752,255,0,0
213500,0.831,42.923,29.8064,255,0,0
213750,0.831,42.923,29.9606,255,0,0
214000,0.831,42.923,30.1363,255,0,0
214250,0.831,42.923,30.3323,255,0,0
214500,0.831,42.923,30.5472,255,0,0
214750,0.831,42.923,30.7795,255,0,0
215000,0.831,42.923,31.0281,255,0,0
215250,0.831,42.923,31.2914,255,0,0
215500,0.831,42.923,31.5682,255,0,0
215750,0.831,42.923,31.8571,255,0,0
216000,0.831,42.923,32.1566,255,0,0
216250,0.831,42.923,32.4656,255,0,0
216500,0.831,42.923,32.7826,255,0,0
216750,0.831,42.923,33.1062,255,0,0
217000,0.831,42.923,33.4351,255,0,0
217250,0.831,42.923,33.7679,255,0,0
217500,0.831,42.923,34.1034,255,0,0
217750,0.831,42.923,34.44,255,0,0
218000,0.831,42.923,34.7765,255,0,0
218250,0.831,42.923,35.1115,255,0,0
218500,0.831,42.923,35.4436,255,0,0
218750,0.831,42.923,35.7716,255,0,0
219000,0.831,42.923,36.0939,255,0,0
219250,0.831,42.923,36.4094,255,0,0
219500,0.831,42.923,36.7165,255,0,0
219750,0.831,42.923,37.014,255,0,0
220000,0.831,42.923,37.3005,255,0,0
220250,0.831,42.923,37.5746,255,0,0
220500,0.831,42.923,37.8351,255,0,0
220750,0.831,42.923,38.0804,255,0,0
221000,0.831,42.923,38.3093,255,0,0
221250,0.831,42.923,38.5204,255,0,0
221500,0.831,42.923,38.7123,255,0,0
221750,0.831,42.923,38.8838,255,0,0
222000,0.831,42.923,39.0333,255,0,0
222250,0.831,42.923,39.1597,255,0,0
222500,0.831,42.923,39.2614,255,0,0
222750,0.831,42.923,39.3372,255,0,0
223000,0.831,42.923,39.3857,255,0,0
223250,0.831,42.923,39.4056,255,0,0
223500,0.831,42.923,39.406,255,0,0
223750,0.831,42.923,39.406,255,0,0
224000,0.831,42.923,39.406,255,0,0
224250,0.831,42.923,39.406,255,0,0
224500,0.831,42.923,39.406,255,0,0
224750,0.831,42.923,39.406,255,0,0
225000,0.831,42.923,39.406,255,0,0
225250,0.831,42.923,39.406,255,0,0
225500,0.831,42.923,39.406,255,0,0
225750,0.831,42.923,39.406,255,0,0
226000,0.831,42.923,39.406,255,0,0
226250,0.831,42.923,39.406,255,0,0
226500,0.831,42.923,39.406,255,0,0
226750,0.831,42.923,39.406,255,0,0
227000,0.831,42.923,39.406,255,0,0
227250,0.831,42.923,39.3754,255,0,0
227500,0.831,42.923,39.2681,255,0,0
227750,0.831,42.923,39.1015,255,0,0
228000,0.831,42.923,38.8943,255,0,0
228250,0.831,42.923,38.6653,255,0,0
228500,0.831,42.923,38.4331,255,0,0
228750,0.831,42.923,38.2165,255,0,0
229000,0.831,42.923,38.0195,255,0,0
229250,0.831,42.923,37.823,255,0,0
229500,0.831,42.923,37.6265,255,0,0
229750,0.831,42.923,37.43,46,2,212
230000,0.831,42.923,37.2335,4,3,255
230250,0.831,42.923,37.037,4,3,255
230500,0.8306,42.9328,36.8455,4,3,255
230750,0.83,42.9485,36.6639,4,3,255
231000,0.8309,42.9318,36.5005,4,3,255
231250,0.8349,42.8436,36.3615,4,3,255
231500,0.8439,42.6416,36.2194,4,3,255
231750,0.8576,42.3269,36.0249,4,3,255
232000,0.8743,41.943,35.7949,4,3,255
232250,0.892,41.534,35.5479,4,3,255
232500,0.9096,41.1307,35.2988,4,3,255
232750,0.9271,40.7277,35.0498,4,3,255
233000,0.9446,40.3247,34.8008,4,3,255
233250,0.9621,39.9217,34.5518,4,3,255
233500,0.9796,39.5187,34.3028,4,3,255
233750,0.9989,39.1147,34.0549,4,3,255
234000,1.0168,38.7117,33.8059,4,3,255
234250,1.0346,38.3087,33.5571,4,3,255
234500,1.0523,37.9056,33.3083,4,3,255
234750,1.0699,37.5026,33.0597,4,3,255
235000,1.0874,37.0996,32.811,4,3,255
235250,1.1048,36.6965,32.5625,4,3,255
235500,1.1221,36.2935,32.314,4,3,255
235750,1.1393,35.8904,32.0656,4,3,255
236000,1.1564,35.4873,31.8172,4,3,255
236250,1.1735,35.0842,31.569,4,3,255
236500,1.1904,34.6812,31.3208,4,3,255
236750,1.2073,34.2781,31.0726,4,3,255
237000,1.224,33.875,30.8246,4,3,255
237250,1.2407,33.4718,30.5766,4,3,255
237500,1.2572,33.0687,30.3286,4,3,255
237750,1.283,32.6633,30.0738,4,3,255
238000,1.301,32.2599,29.8249,4,3,255
238250,1.3189,31.8565,29.5759,4,3,255
238500,1.3369,31.4531,29.327,4,3,255
238750,1.3548,31.0498,29.0781,4,3,255
239000,1.3728,30.6465,28.8292,4,3,255
239250,1.3907,30.2433,28.5803,4,3,255
239500,1.4086,29.84,28.3314,4,3,255
239750,1.4265,29.4368,28.0825,4,3,255
240000,1.4443,29.0337,27.8337,4,3,255
240250,1.4622,28.6305,27.5849,4,3,255
240500,1.4801,28.2274,27.336,4,3,255
240750,1.4979,27.8244,27.0872,4,3,255
241000,1.5157,27.4213,26.8384,4,3,255
241250,1.5336,27.0182,26.5896,4,3,255
241500,1.5514,26.6152,26.3408,4,3,255
241750,1.5692,26.2122,26.092,4,3,255
242000,1.5869,25.8092,25.8433,4,3,255
242250,1.6047,25.4062,25.5945,4,3,255
242500,1.6225,25.0032,25.3457,4,3,255
242750,1.6402,24.6002,25.0969,4,3,255
243000,1.658,24.1972,24.8482,4,3,255
243250,1.6757,23.7942,24.5994,4,3,255
243500,1.6934,23.3912,24.3506,4,3,255
243750,1.7111,22.9882,24.1019,4,3,255
244000,1.7288,22.5852,23.8531,4,3,255
244250,1.7465,22.1822,23.6043,4,3,255
244500,1.7642,21.7792,23.3556,4,3,255
244750,1.7818,21.3762,23.1068,4,3,255
245000,1.7995,20.9732,22.858,4,3,255
245250,1.8171,20.5701,22.6092,4,3,255
245500,1.8348,20.1671,22.3604,4,3,255
245750,1.8524,19.764,22.1116,4,3,255
246000,1.87,19.3609,21.8628,4,3,255
246250,1.8876,18.9578,21.6139,4,3,255
246500,1.9052,18.5546,21.3651,4,3,255
246750,1.9228,18.1514,21.1162,4,3,255
247000,1.9403,17.7482,20.8674,4,3,255
247250,1.9579,17.345,20.6185,4,3,255
247500,1.9754,16.9417,20.3696,4,3,255
247750,1.993,16.5384,20.1207,4,3,255
248000,2.0105,16.1351,19.8717,4,3,255
248250,2.028,15.7317,19.6228,4,3,255
248500,2.0456,15.3283,19.3738,4,3,255
248750,2.0631,14.9248,19.1248,4,3,255
249000,2.0806,14.5213,18.8759,4,3,255
249250,2.0982,14.1179,18.627,4,3,255
249500,2.1159,13.7145,18.3782,4,3,255
249750,2.1337,13.3112,18.1294,4,3,255
250000,2.1516,12.9079,17.8808,4,3,255
250250,2.1696,12.5047,17.6322,4,3,255
250500,2.1877,12.1015,17.3837,4,3,255
250750,2.2059,11.6984,17.1353,4,3,255
251000,2.2242,11.2954,16.887,4,3,255
251250,2.2426,10.8924,16.6387,4,3,255
251500,2.261,10.4894,16.3905,4,3,255
251750,2.2796,10.0865,16.1424,4,3,255
252000,2.2982,9.6837,15.8944,4,3,255
252250,2.317,9.2809,15.6465,4,3,255
252500,2.3358,8.8782,15.3986,4,3,255
252750,2.3468,8.4696,15.1413,4,3,255
253000,2.3651,8.0536,14.8843,4,3,255
253250,2.3838,7.6334,14.6247,4,3,255
253500,2.4024,7.214,14.3657,4,3,255
253750,2.4208,6.8004,14.1103,4,3,255
254000,2.4386,6.3974,13.8616,4,3,255
254250,2.4556,6.01,13.6227,4,3,255
254500,2.4715,5.6433,13.3965,4,3,255
254750,2.4846,5.3371,13.1942,4,3,255
255000,2.4931,5.1441,13.024,4,3,255
255250,2.4978,5.0398,12.8729,4,3,255
255500,2.4998,4.9983,12.7272,4,3,255
255750,2.5002,4.9936,12.5736,4,3,255
256000,2.5,4.9997,12.3985,4,3,255
256250,2.5,5,12.2025,4,3,255
256500,2.5,5,12.006,4,3,255
256750,2.5,5,11.8095,4,3,255
257000,2.5,5,11.613,4,3,255
257250,2.5,5,11.4165,4,3,255
257500,2.5,5,11.22,4,3,255
257750,2.5,5,11.0235,4,3,255
258000,2.5,5,10.827,4,3,255
258250,2.5,5,10.6372,4,3,255
258500,2.5,5,10.4536,4,3,255
258750,2.5,5,10.2786,4,3,255
259000,2.5,5,10.1117,4,3,255
259250,2.5,5,9.9523,4,3,255
259500,2.5,5,9.7998,4,3,255
259750,2.5,5,9.6536,4,3,255
260000,2.5,5,9.5132,4,3,255
260250,2.5,5,9.378,4,3,255
260500,2.5,5,9.2475,4,3,255
260750,2.5,5,9.1209,4,3,255
261000,2.5,5,8.9979,4,3,255
261250,2.5,5,8.8777,4,3,255
261500,2.5,5,8.7599,4,3,255
261750,2.5,5,8.6438,4,3,255
262000,2.5,5,8.5288,4,3,255
262250,2.5,5,8.4145,4,3,255
262500,2.5,5,8.3002,4,3,255
262750,2.5,5,8.1854,4,3,255
263000,2.5,5,8.0694,4,3,255
263250,2.5,5,7.9517,4,3,255
263500,2.5,5,7.8318,4,3,255
263750,2.5,5,7.709,4,3,255
264000,2.5,5,7.584,4,3,255
264250,2.5,5,7.459,4,3,255
264500,2.5,5,7.334,4,3,255
264750,2.5,5,7.209,4,3,255
265000,2.5,5,7.084,4,3,255
265250,2.5,5,6.959,4,3,255
265500,2.5,5,6.834,4,3,255
265750,2.5,5,6.709,4,3,255
266000,2.5,5,6.584,4,3,255
266250,2.5,5,6.459,4,3,255
266500,2.5,5,6.334,4,3,255
266750,2.5,5,6.209,4,3,255
267000,2.5,5,6.084,4,3,255
267250,2.5,5,5.959,4,3,255
267500,2.5,5,5.834,4,3,255
267750,2.5,5,5.709,4,3,255
268000,2.5,5,5.584,4,3,255
268250,2.5,5,5.459,4,3,255
268500,2.5,5,5.334,4,3,255
268750,2.5,5,5.209,4,3,255
269000,2.5,5,5.084,4,3,255
269250,2.5,5,4.959,4,3,255
269500,2.5,5,4.834,4,3,255
269750,2.5,5,4.709,4,3,255
270000,2.5,5,4.584,4,3,255
270250,2.5,5,4.459,4,3,255
270500,2.5,5,4.334,4,3,255
270750,2.5,5,4.209,4,3,255
271000,2.5,5,4.084,4,3,255
271250,2.5,5,3.959,4,3,255
271500,2.5,5,3.834,4,3,255
271750,2.5,5,3.709,4,3,255
272000,2.5,5,3.584,4,3,255
272250,2.5,5,3.459,4,3,255
272500,2.5,5,3.334,4,3,255
272750,2.5,5,3.209,4,3,255
273000,2.5,5,3.084,4,3,255
273250,2.5,5,2.959,4,3,255
273500,2.5,5,2.834,4,3,255
273750,2.5,5,2.709,4,3,255
274000,2.5,5,2.584,4,3,255
274250,2.5,5,2.458,4,3,255
274500,2.5,5,2.333,4,3,255
274750,2.5,5,2.208,4,3,255
275000,2.5,5,2.083,4,3,255
275250,2.5,5,1.958,4,3,255
275500,2.5,5,1.833,4,3,255
275750,2.5,5,1.708,4,3,255
276000,2.5,5,1.583,4,3,255
276250,2.5,5,1.458,4,3,255
276500,2.5,5,1.333,4,3,255
276750,2.5,5,1.208,4,3,255
277000,2.5,5,1.083,4,3,255
277250,2.5,5,0.958,4,3,255
277500,2.5,5,0.833,4,3,255
277750,2.5,5,0.6996,4,3,255
278000,2.5,5,0.5494,4,3,255
278250,2.5,5,0.3953,4,3,255
278500,2.5,5,0.2503,4,3,255
278750,2.5,5,0.1275,4,3,255
279000,2.5,5,0.04,4,3,255
279250,2.5,5,0.0009,4,3,255
279500,2.5,5,0,4,3,255
279750,2.5,5,0,4,3,255
280000,2.5,5,0,4,3,255
280250,2.5,5,0,4,3,255
280500,2.5,5,0,4,3,255
280750,2.5,5,0,4,3,255
281000,2.5,5,0,4,3,255
281250,2.5,5,0,4,3,255
281500,2.5,5,0,4,3,255
281750,2.5,5,0,4,3,255
282000,2.5,5,0,4,3,255
282250,2.5,5,0,4,3,255
282500,2.5,5,0,4,3,255
282750,2.5,5,0,4,3,255
283000,2.5,5,0,4,3,255
283250,2.5,5,0,4,3,255
283500,2.5,5,0,4,3,255
283750,2.5,5,0,4,3,255
284000,2.5,5,0,4,3,255
284250,2.5,5,0,4,3,255
284500,2.5,5,0,4,3,255
284750,2.5,5,0,4,3,255
285000,2.5,5,0,4,3,255
285250,2.5,5,0,4,3,255
285500,2.5,5,0,4,3,255
285750,2.5,5,0,4,3,255
286000,2.5,5,0,4,3,255
286250,2.5,5,0,4,3,255
286500,2.5,5,0,4,3,255
286750,2.5,5,0,4,3,255
287000,2.5,5,0,4,3,255
287250,2.5,5,0,4,3,255
287500,2.5,5,0,4,3,255
287750,2.5,5,0,4,3,255
288000,2.5,5,0,4,3,255
288250,2.5,5,0,4,3,255
288500,2.5,5,0,4,3,255
288750,2.5,5,0,4,3,255
289000,2.5,5,0,4,3,255
289250,2.5,5,0,4,3,255
289500,2.5,5,0,4,3,255
289750,2.5,5,0,4,3,255
290000,2.5,5,0,4,3,255
290250,2.5,5,0,4,3,255
290500,2.5,5,0,4,3,255
290750,2.5,5,0,4,3,255
291000,2.5,5,0,4,3,255
291250,2.5,5,0,4,3,255
291500,2.5,5,0,4,3,255
291750,2.5,5,0,4,3,255
292000,2.5,5,0,4,3,255
292250,2.5,5,0,4,3,255
292500,2.5,5,0,4,3,255
292750,2.5,5,0,4,3,255
293000,2.5,5,0,4,3,255
293250,2.5,5,0,4,3,255
293500,2.5,5,0,4,3,255
293750,2.5,5,0,4,3,255
294000,2.5,5,0,4,3,255
294250,2.5,5,0,4,3,255
294500,2.5,5,0,4,3,255
294750,2.5,5,0,4,3,255
295000,2.5,5,0,4,3,255
295250,2.5,5,0,4,3,255
295500,2.5,5,0,4,3,255
295750,2.5,5,0,4,3,255
296000,2.5,5,0,4,3,255
296250,2.5,5,0,4,3,255
296500,2.5,5,0,4,3,255
296750,2.5,5,0,4,3,255
297000,2.5,5,0,4,3,255
297250,2.5,5,0,4,3,255
297500,2.5,5,0,4,3,255
297750,2.5,5,0,4,3,255
298000,2.5,5,0,4,3,255
298250,2.5,5,0,4,3,255
298500,2.5,5,0,4,3,255
298750,2.5,5,0,4,3,255
299000,2.5,5,0,4,3,255
299250,2.5,5,0,4,3,255
299500,2.5,5,0,4,3,255
299750,2.5,5,0,4,3,255
300000,2.5,5,0,4,3,255
